snpid	Sam_01	Sam_02	Sam_03	Sam_04	Sam_05	Sam_06	Sam_07	Sam_08	Sam_09	Sam_10	Sam_11	Sam_12	Sam_13	Sam_14	Sam_15	Sam_16
Snp_01	0	1	2	2	0	0	2	0	2	0	2	2	0	2	0	0
Snp_02	0	0	1	2	2	0	0	2	0	2	0	2	2	0	2	0
Snp_03	0	0	0	1	2	2	0	0	2	0	2	0	2	2	0	2
Snp_04	2	0	0	0	1	2	2	0	0	2	0	2	0	2	2	0
Snp_05	0	2	0	0	0	1	2	2	0	0	2	0	2	0	2	2
Snp_06	2	0	2	0	0	0	1	2	2	0	0	2	0	2	0	2
Snp_07	2	2	0	2	0	0	0	1	2	2	0	0	2	0	2	0
Snp_08	0	2	2	0	2	0	0	0	1	2	2	0	0	2	0	2
Snp_09	2	0	2	2	0	2	0	0	0	1	2	2	0	0	2	0
Snp_10	0	2	0	2	2	0	2	0	0	0	1	2	2	0	0	2
Snp_11	2	0	2	0	2	2	0	2	0	0	0	1	2	2	0	0
Snp_12	0	2	0	2	0	2	2	0	2	0	0	0	1	2	2	0
Snp_13	0	0	2	0	2	0	2	2	0	2	0	0	0	1	2	2
Snp_14	2	0	0	2	0	2	0	2	2	0	2	0	0	0	1	2
Snp_15	2	2	0	0	2	0	2	0	2	2	0	2	0	0	0	1
